Finish
    8200968663874020
  203923871798556752
 7751471804233237196
 5017532118077859388
16667994233132650300
 5739027976757676556
 7960668528425015396
 2659368088793936124
11788358070089611684
 7535480918001938828
15205473266813411268
 7008029772739817576
 8333418080649157652
 6094677562846531932
 3848992366839205577
  303568623920219484
 3352082433028026504
15543011222116959160
17315671342013826724
10928536582813025304
 6005440826518713160
16305698017415300344
14949859655386144460
 3671596180499705076
 7481636714356307388
17576265177849925060
 4608681485558332336
 8290633966900839212
16154459927040688312
 5791483692556553644
17476535478494934768
 4436425129542894788
 4089180541516503573
16381813879617750178
 8993043868352801860
 1627453744576459617
10333195825887574466
18293888131443541216
16114142550442741999
 7073682427563853680
 2046199212345211473
 8553228920356983673
 2244531015831209214
18145874414541912594
13705174571613814085
 8732223480166014956
 6756609504108151643
 6864242413026282851
16149673922322704999
18079956051132710532
13576001674751773230
14361600891575682347
 7065900990795684140
 1807038026985132800
12715713203394345212
16332989630961998392
12974857684615958188
11905416017795292872
10493146493762081440
10745683472334955733
  848007315646034136
 1015002485569083916
12721620807033827482
 7212790606063057929
 6949526415609720011
15243387553570227587
12176838795838466812
16029689108104718456
13585935259160723022
 1024027335600601563
 9023864906137868599
12762964019778300745
 1699469200199765604
 5821092946464076449
18422710038258027332
12316000602091930911
 8424393666829462611
 9380551608053893567
 1349648287897691871
 4311203835113309621
11158199119127112944
 7722345866255071784
11329625158945777556
 9978255819802572920
16769661143428068988
11311014703383500268
 6359038093345925369
 2687134581885813599
 3863715188134500163
13033629899157351116
12572293751341666208
 7341897619068573133
 3139462058166850499
 9168964839154376522
 7991395358109106548
 3802368852446264939
 8726613207413532338
10469849414293605985
 7737846298192767666
 7221410838820772691
 7776203726605894383
18248763234667635946
13573229320615996320
 9316830689845354509
 6110541963351810720
 9043338843268002420
14038887589379416341
 5740417386118146110
12931353342540030885
16121305101882482982
10925892993260404749
 8207523085964844484
 5725157575112449684
16443077112797917578
 8162280735961500690
 5335648916411407057
10668726822876944511
10135610672886927649
16738876770909709081
 9645781912853811201
10106271798576608157
11556728912987573031
14419288768052309054
 7669530261505023798
 8241691577309775224
 9868986923063274876
 2253324262406959566
12759450479979461799
13407702225627099192
 8418184844621498757
12305736535712724505
10218982123793022841
 2062703306517327415
  587207409597805697
 9445827367781934221
14891839217830268989
 7185494962635688341
16464985231964448369
10231840139283339294
14073958342832788954
 4480643749184807100
 4452271042775146604
 9127780737432288071
 9317497092975186914
 9639720886827397560
  616327363840200293
 4007427359967375328
 6213528361656768140
16832718979220241545
18213875767089982126
 9424938631045080896
 4886873410494999239
 6349361902932665532
 8772711384219397264
14660734167521947063
 8642852748882680706
16685531713519466535
15660611688480276362
 5656157258733367990
14368578417280768461
17298309974820714589
13633711145795188334
 2376612524431097210
 5665042808272367282
17387100774121084921
17625306394712725615
11732432422375995702
15013965985463004510
13914575204520974224
 9319607686593392864
  926435259154926877
 1281116125990937803
13339147897085077790
 2768880693012775984
 8896246109483629961
17837312990953012183
14349913322319093290
 8926052961187919899
17240125728965192953
 6611719923554815673
 2450839927530677272
14287134500414015911
 8764191488057262608
  170705341775653437
15007676298711884255
11435509369400915162
 2510114156587617656
 3382472226230539712
 7271027162785688239
  681788158023789874
17310478057046796286
10683754900473765632
 9140239108597932438
14620599037566479225
 4514353191373853105
14813914650026619407
 6186014421214530719
  217019710113666580
14199058938106264673
17634939659131103469
 8075181273075413654
17590106873239991459
 8583140664907643921
10723775260796474473
13174381278572316274
11489024563923194795
  218925493543368704
 3810824484092096733
16877137288800916540
 4114846276239960016
11360076659948579144
 1177234397160252483
 4681423223754073586
10628877931802845205
13909015824501779986
 9107170472489583802
17736741125102254371
 9468708215320882370
  682086173612698482
 4647693342500307073
15550278621250527051
10382127862194439946
12213586759613365127
 9932132538877358305
 6677293879549258018
 3418954232419901455
 7140729567377442769
14219714399466191925
10784977712212708561
 3294735031444799058
11130760393354444595
11512155953773973676
 7423320196183900111
16301621682188107245
 3623674899028566575
 6181454736663609312
10731682021756107404
12071180607608176996
 5040369103399533137
 2924004269186502421
 6781442730072734533
11260417000162319907
 1696342243588728545
 8977264790207719604
17882693721380480255
17442381396613838107
  506702010653570801
 5949834181014819538
13727438599736489227
15760296071331502966
16521954015874203684
 5366334598884002784
 2476002910237869562
13086413626443960365
  865167356209950449
 7639693146723874960
10429224954645492845
 8573133065086541207
11252405927435582775
 8478840144118858134
 8725294274689466267
14961928637499239999
 7136829992672430695
 9443491671808114992
 5315245231688785675
 2704865338942831354
11115079240614423102
  912786957436352270
15940479444995995482
 5569153502628508739
 8602783634178013061
  879482993456800311
16997570111243633722
 7668944990146822663
 1070370474312266555
 5552270532131206436
 1221487338916165999
17691925125187945072
 2475526878685279321
18371557048213453509
  220529019722732715
14912445249139039806
 5393025195571501929
 4850939394743020967
17318002369967699159
17937113960664066770
 5551841563641962407
 3438185731239921865
 7610021307305881423
  181172896359424276
11039413514152320864
12271485934220613061
 4663474471608145670
11845316958902096329
10188778665006176942
 7864568523791099973
12062991500974656166
11715327713487031740
 3846405687014355688
 9508369287406572732
 3200010678522895078
14849969145235079275
17439358055613114869
 8355439586917926912
10998277941787086608
 7703989026475307190
11031802812769981821
15594111307682073997
17661800497311115156
 3696202149715823815
10917765536888972027
 4593653347959238254
18419653554271564408
12154705128713678438
 1866628183995880726
 9590786398253620089
 2349236587658805357
 7249013243586424050
10616883663585958331
13264551408329984629
 1911884147896423960
 5307926434345631901
13250240801534038371
11844535646264080094
 1857228022778027131
 5811865488729741901
10360246274515712734
12717400475801848369
 2422556220608973660
 5684560265798581667
17801524786853792207
 8196751527334993063
17259942108169938591
  818814235640634138
  465765296846909904
 4454408962708688687
  315556367110105085
11776825947688369420
13712584273755395217
11006230715045911386
 1122631010546863622
 5323041587115315184
14404457643401126422
 8910056472721998164
11059032006177335958
14515527493027852480
14637682822019291250
11788714055745732315
 4097110671238121492
11619178287967038185
 2110708848889995693
 7178383582158063057
  281124386789294210
 1845803637887401089
 2211937376318719245
 9242312645947276519
16818102350330336241
14397840608308441127
16809234295652249097
 3941001494433954608
 9460844380047739906
10765087550457985530
 7631820132885269094
18381038091719578687
 3420714173928466499
17154700144796366134
14526511645010573957
17398391589951964855
17454186079141929832
11518232795689465780
 6746334374399756601
11383188355270043255
 8530424108059783185
 2252553454299691970
18125521151970599289
14863001934939748895
 7410898597247836092
  484369577582762296
 3886073627671898343
11213918391712744863
13733333478870851561
  517974858479612365
 1318187472535550872
15267283088400911668
14185440529129001715
 7853469730720405520
 6215914839340799215
17815981337323733759
 9097112159457599706
 3214692016510451704
  737746538740324917
14509133633518049572
12226628920824385572
12403079252021053495
 8843039437926999542
 5229922611817655190
 8252677871684621670
 1576280536231343310
 5499513207951433692
13693074373962941368
 8165609015870607808
 9758566087187116817
 7520667716238031963
  885580245681038393
 6298344572486045618
10986766513377280708
17979978510770436341
11723015681201711466
11245071252339217217
15391300393624200152
 7307587591992277069
 3867405395055241308
 3079496134205075301
  755934948115958019
 1396493874397469241
 4671673959170901903
 8680090813076212607
 5536510052623571205
13817531940782307231
16258927951544383263
 2518749002642346671
  333108319635224965
 1877494543096873087
14400574537683401794
10642228777681599221
 6784688038965687080
10760657065563734278
14641827149923265332
 1348437531232694228
14592716422465321016
 4184966874199055472
10777253475260326062
12637838927204031530
16933002631185317134
 6000730248902941528
15322515238941959149
14813258014629869679
 8450545874471813793
 3130398212609692850
 3700378534502707699
14131581703844184921
10419229191818710918
 6523407869838863937
11628562776656978024
 3976835529688275167
 4846039845991385591
 4598858888364221123
   44005745724170860
 1009380245598466647
 7056441969383614201
14555734826542070053
10649492416876875221
 1684819836101790014
 7283734568660838641
16166826423280476907
 1368885780788675823
12983734557697612466
13604345731943354103
14332754414852629796
13861239625298994672
12530250493791842314
 8098398064759661054
17635357074889526011
 4463964745064143968
17361889313492204824
 3057822242304064835
11026487969375123532
17527000485858928742
 1069704680965304492
 6861172564538629214
 4319035545430985325
15644656675572402077
 7838940329381591265
 5699264078167936723
15208846444176576842
 5067623470567944153
15430739256335152204
 9764742952057495357
11967677579575677720
 7598537717791444615
 2135579311859482486
 7883074908686040347
14601318324065894219
  647384163291358573
 9924306435641581619
16063482679610291619
 9426983942600803238
13503349610528589324
 1046358053923444264
 2738395932761328296
 3527978387516152879
 3555839155931719202
11692901447393937254
14654784370657835488
12901160070261934670
 6332469699221015246
 3240361692566917404
 2871104173099007603
 7051539163852902069
12461584463875473407
15664496098399546837
13518292388167929956
16215253438847639437
 3057956899355671578
12810654043204680545
 2330681144086679867
 3688955664474772681
 8143029975074869231
 9100131111387856192
15446859715037906095
 1122009270009599038
12261828253179721369
 1243945048161839943
 3010666806592597677
 3256702085629565534
 3236581321932564398
 7797117051918780050
13394459164015831780
 1387454476977845320
 8784842508197781742
15036562045127596582
13183913488652236989
 4166443004909503313
   71733093873356968
 4807697755752066641
 9560706218603879477
10667402309291933351
 6802757801018611854
13668035626214806075
14304443999454769347
 1549954525713595670
 5053294501997851589
 8074785340524343184
15941837169908528326
 1516334870455473899
 5819849740696524642
 7946488300516281016
 5551157745285475523
13191358905385722112
 1528894184206013368
 3476485188299478325
 6270069755922754721
16770193625358145183
 1610881216587399367
 5628421664037082365
12029475772508844644
 9998633190761158829
 8323336054341880160
17059428975023366546
11959470903353411984
 3314095109864434842
 1251625277883620411
15794723279537264613
 8140299314671040082
 8003572356232130556
 2060918701350568680
 6934334445328769429
 7463410377249675622
10106721153345975002
 7873403813466868158
 2688478922466424124
17298095484606302373
16580405777332080945
17198137134965142780
18419734816882219584
 6203340862903319574
 5125498916769311821
 8760968781759880993
 8417810074402358752
 8229285156409450177
17646407038801619789
14827513016434397943
13850273640627859217
 8185603777422587413
  580233664053372776
17705126218446903974
 3562478827176428239
 2081112507235926043
11035144266315971096
13691215357779338397
12638207446543372546
11117182166963406140
  416872198407948189
12741535374002590302
11111173248546390891
14472771176618441429
15622474815430040760
16573527858840436845
 7359862176087664329
 3941586782396192153
15488201424797008580
  808641584554868530
15235221104360421410
 8199528645310189448
16396566396360665514
14152753380097658527
11526940517645697233
11920400825458429546
10696749157279995924
16799110392208596322
 6780892419720680007
14335476610640063058
 2183742865650606879
17461540177967957423
16740398952871564652
  428954260133040331
14357712561347075879
 8965621190310287174
 2359870454120635063
 2084011645350823384
13893519745765554682
15652560247123608887
 7164925743886387113
 3063836177894800123
 7469938024254216364
13619990969802630986
15342070460968449838
 3311163209635176913
 6764690182424823106
 8517714488870722163
10789647302679049132
11626175604705983548
 9559794893827604038
 7155494343551700230
 1495559727145854760
 4363516822341632635
11681835458347622654
13453750681746701445
 1305435785586926693
 8921088681301398801
 1651365007752119379
 6145950090266388066
 5081219912873887874
 3718341053745035924
12797097199813747209
13346859722188445037
 1513418540071454148
10389083401012835731
16490560312730210172
 3822399246338902960
12699368690969359677
 3398935426585867306
  805970389935813506
 9772310789213995810
15511562066657678892
 5320189942808564860
10531182939270182717
  259714336145387230
 6771084486624207507
 6739845403039996452
17931827302496799054
14180136982509886558
14659073624196365632
  665236725886986307
 4747932666107028949
13388627895905549749
16625733888882645126
16304476436172909106
14828288616443973642
10880087121338598473
14066460633354758202
 4911747872986633591
 7525036053223655775
 8051571551535092615
 6190594026847822780
17418474246496476372
 2437107266158549188
16687960573089361961
12886868465795695786
 5662515892157829923
12211864897433915996
  972715745320493056
17450537563607024176
 5917219825803206028
 2147415808815487831
 8518633437400019106
15775422416537362723
  469409854727981748
16554349321198685958
14774104934125224647
 4848413199529002915
11611321095235822440
 4326000209442684635
 9085617740249045368
11239075088724799961
10989485521462198180
 2077227303580809946
 6092750647078293945
13429560354374790759
10571395116152790496
 7831247215812791912
 6003639673129323842
 6319204773414338450
 2980655634501975822
18441725004454337667
12110752230020109050
 2687378217405311586
 5775457915429742717
13200551236715036961
 7209867561140388964
12804426289252708012
 8058580235222382884
18039780324456415376
 3056905506595717984
14565628143014655496
11185380672778244043
10823687904421277862
 7645673187182472730
16307900226515736092
 8963484755884454031
 7596600905993808668
 3944541219765964029
16202451909754871207
 8773106666247491635
 8143254648165325457
 9380229189237444581
 2466154724815598015
  425156508256416410
18355531484657921495
 5517104882512619661
15133689036897965259
 4886626685446930281
11777615516430358084
 2752950481379398089
 8404856777195398960
13354574016504479379
 3094338552776452251
15259866319066353228
 8461236173169089044
14298846805797725528
12917169904246956764
 9573960575455617855
 6513459586915216279
  385863982321881393
 5400664594619653414
15941291820751521499
11180566332931766998
  244203901102188486
 8644249089254247666
 8403058076856651606
13471698691339514840
14432758725167485006
 7483556894622840166
16511830181073993457
12435072270569989785
 2131960067143267263
  603702892187826379
12159143582245514823
17516874227456430680
15943306730702598476
12468630165873361268
17804399571626869162
14236175023775065804
11658171841687218534
12751057616182246268
10649764565080468684
11666008791860180868
17728450260191823696
 1262178838209081832
 8099559901933555268
 4334135263138689800
13410198441109476765
11306507864996344848
 2481001458584540268
 7174563686124638801
  777572050607891566
 6212970747722988261
 8767118970180023020
15063164925569984578
12073111189297338856
14636840349918040638
 4404432797511599500
 2783775738394825385
18239750263620857189
 2945570212258512299
 4886036907493076530
 3191675113122430769
  574798563825203758
 5849101618157848926
13418402884682025381
 7488332247851265216
 2322713642363073896
15178519692946960344
16785629880728775468
