Finish
 6376520421821996312
17339910331791961740
10373943890543697152
12074020031886573868
 4797366741190995572
 7231286506134585992
 6439172038866781736
10177090912324016724
12909686389856921836
 4772443886971740048
 5126676278621029684
14764322710581987560
 3970739337935966128
 1107414565650515748
11136468791878483472
17992517387263920888
14101304453657107608
10049559085329959300
 9248444405265469712
16942264754153090836
 9268035142474370912
16274918421500100256
  178820460210357408
 9919037662944789732
15211588937623268848
 1834680698099052132
13753328304928705372
15300402159620805912
 2831431251822653316
  635028484702792220
14104177837376270324
16417724103930318156
12798070986590608500
 2378618030168517640
 4511387685065993328
10793235039265716900
16452760090839727424
 3744372532446176824
 9240995783086974428
13314782616651922680
15391522600232651928
 8931062978712391128
17010352876474224244
13436027372883793548
10096457446063546860
 6596561418745829048
10250928014333604264
16466356158858667628
10353357802174101032
 9693647866265202276
17049423212497017236
15087405142830828060
 4735400074381369148
 6918233860729710916
15716046411797090080
 1801567892554389596
15077715133814743060
13212704247823475272
 1440051561824157504
17901387789670261104
 7785667806180877888
 4477689764723408236
 1156510437047178840
15686487374828985348
 9209397194093938464
  467525846599803860
10472060746462531704
13855034894901172032
12458667089825089628
17560939189024420716
11974845578323286544
 3554638477402887516
10219718109849015124
  148469347400428192
17400957089593625176
18124827695592349244
 9557358700341624788
10172141008193028792
 8785516623768112096
12874666766297531848
 1488218194447706680
 1028691344022983720
 4218861811822500856
12746355724005113784
 7733246168181469444
 1413254322205096624
15968035204541537780
14201098983161213428
16082133070640943712
 3393645590321163808
 7540745148429492376
 3924505379526230124
18017086065292170620
 3421491431133342684
12435008453264240228
 8033142307150394200
 1739794201963067728
15828588921942020148
15124198740155803216
15644331406714636944
12636248194748569080
 1382470228708201416
 6206495199152305856
18090819641667423188
13760651841864127416
 9438535571437903576
 7362763834898676272
17274478457064508604
 6220394129104334540
 8408048805579283680
17838625839709324128
16091281078528618452
18114523420413800020
 8443967931526134160
 6625313147132610836
 4719569535945265416
 2687740444421544700
15536551863902182044
10207484779151598492
11490285202887851352
 3570450048990179868
 7283873835052823332
 2729070945320383380
14828565423706525708
 7277718847329858884
 3641949426292536832
17010333064209820812
11372285178734965300
 9725613946875949448
 3844267633453866668
11004024282639202428
13054395777752660640
14400571603237332352
15926463119085293400
 3997071209341616008
 3085473124554005252
14177444887666903484
 1677850499585205272
  561723138122033632
16118480992028322312
 6537709855619138044
11025046560242469256
 5625773574115705364
15670239347318900372
 7678816598819339064
 1599346418261595748
  983685714539052856
13650494565619323420
16829931935006231560
11302384685977415912
12456866157784687280
 5372528390104985468
 6490458680456098124
12960278619469489080
13211541083027927536
 2667631248579258268
 9477439275846412572
 3801980559343538472
16500601022085170048
  168475947602537004
 5981815945406358532
10053833384817383260
14779387678500523384
14121737213624028856
 3042152705451336560
 8960044757890632904
16751484426904678312
 4481911059222464736
10986529673310773860
 8721171778222055088
16243175256672769904
 7672714549677092660
15020154099429728800
14888556091467101368
16455879578344131864
13536049472232249076
  586082735276780348
13007807221232901880
  193736384132498900
 4384310433525904268
 9484446400825969056
 3321368597352264284
 5644408029910205352
11409745113849246516
 4289925726406150292
13450769648984094948
17480549490378043624
17333387945569548716
 2748486356442337356
11966934839909090076
 9613659960715732144
10017091294290162380
 4075762519131939956
16602615683909102592
  538443762003707400
 1050176575307805208
16403534602742747856
  894625172887901048
10583481462462299708
16002965484950277648
 8680648125431620484
16343799432551831892
11300710309286005644
10173843808940189892
 9926384686482475036
 6887353703313782424
18049551911727737212
 7309995714197024288
11019546007516847752
13471727149610964724
13562949157276260464
11338095196799934592
 6003586247739362972
 3811225291734592668
14578698343368115516
12750859393932435716
17813042542842406136
14344734868046503540
 8652910561738009208
17877435465630648792
 4831088177820626272
16514154298129941792
 6838545877731585164
12476356096832067824
 4510087091373579828
 5703626934457754448
 8535478372543928880
16283072589249294756
 1724805985079784336
 7073152777988362356
18012928868447761096
 9078577965975539076
 5789654861400665904
  865441570155102900
11873248768021868432
 7168419062229255376
 7647803643062770280
10744873788680593520
13102407034127315140
10395338745152466712
 3296304763353424448
   79719094650635288
 3650514181750890664
 6882232374433347756
 2997195505249169864
12935560448136509652
 9864494983797068688
 1030294978444451900
 4831098412333112652
 7470212179969391604
16597791423487169476
17588495662345703960
15032220848216377848
15004553916054147912
13027002718696238620
 2042464435962050408
16920469176291787208
12492532165530984316
12119516398648471704
 7180027320431409628
10869260297027272964
14303298196975699596
 3868295206913702472
11685142032624257748
13358690779750141064
16641467678480719288
17103874361449671144
14283733309255987408
 9434678109104996560
16670862945936466072
13526988101938195260
 5113989416052842424
 8825738111028173136
11094158899199250300
 4415548635273291100
  655746090323662544
11491712221193533508
12611934133325692312
11634388385239312836
 4155248532823737656
 9284371259890672660
13309489848093985652
 3105466169819233748
16035186980521893544
 9536566974649965764
 3690376937999179456
14097115435681954400
 2178239860279894296
18286500938991182124
15443778101825036808
15975588194343692996
  429605816581103804
10280813938165477856
17280471377208359384
14458428132492125956
  250689120401902264
 3591357407883610704
11756031234490636032
 1169135999874021800
 4092776483535617560
13583711678907130172
14006482004526634952
 9108388444021429752
 8735454593421502568
 4503573636389666760
11782503378485540416
   20656414128508676
 2129209161020503176
15012002979716933700
12928144980831486812
18249350612393855848
10242400495473868284
 8486478668686076040
10938522982926936652
13283164486679677140
  556218006088903960
 7088622889714033412
 2718143434149158352
 2150009029311850416
 3884397497487936280
10956296635382765648
 4563238867406049184
 3363446058367589084
 8080838174307085964
13679322492080994940
  546118765602054804
 3428648812259294208
 7117862359276953588
 8618441013607545424
 7975508356629519076
10367205521988374420
  250471268895863664
 7096183403397534744
17294665969065190856
 5900938123239465908
12771328108263624744
 8371158161419703704
15109652346265900420
 1495501765411069548
 4488254362338041888
17603358998450333892
 3564495222094999024
  137176235118726008
 2815154665697720432
14463378012870843732
 6004526713116334712
 6411908440152382780
10970223032595371636
16163329569242319372
16486994926007181420
  288903884143808056
13641372927030798976
 4230550692400343964
 5127592433332826176
 9506318976054596292
15574113066291272404
13462147862714760400
10635198105116910808
 3886605451887007724
11454812232551273236
14993132379780857668
13936313236825209004
15935047599228559912
 7406617118265580148
 3110309974372857016
11559099868193161504
 7922803705542628040
12008256986325709328
16663448135509481980
13049103056147253204
 4322572198504311692
 7198967041175149524
17684954152731248216
15028530719370258228
14154389521636482228
 9360003511321935704
 9898676658789767220
13630009869483260908
 6437650642854719016
15273095767410981184
16833992690375776632
 5068156139498715336
  761103696822057404
 9155600003905613008
14940336105522021184
 1159889715628576752
 3901457082047989048
 9702097457240736568
 1340965236872146452
  583432721754754988
 7988754754441394984
 4057485061919415000
11762061830985650840
 6687172015657118200
 4715332242018349196
13418218110845924132
12449114832851680684
10141735760679842676
 7534777409129869960
  180349774907315852
 2727991544475889776
 6672494174874708364
13659342035496715728
 3065520784211951064
  663221398000785168
17828237950686004380
13956240673835465660
 7208546712059911776
17081801644177939172
 4456462492342095632
15750850646748849772
17689293157554755092
 2770105373163907512
14176541754394688868
12243988789624627888
 3393577760234394188
 8912895548911624096
14790401954253058592
11880630958367105160
16521161336905710744
18092703224210821556
 6637851654772240052
 3172064485395949228
 5370240474839381232
 6339151780114701568
 3586530521437246696
 7130903487581801780
  901408512309795408
 4503254231653006492
 2886836584778183304
11890282615759637476
 7455919127239940336
  637961687518472200
 8168520997616539200
 3792348312915973812
10594570161174392812
17217291950127972804
 2768579614506288592
14402817005542534224
 5036034754884256608
12530252905311819488
10231502968899187968
 2549363416274807256
 9285948846470328768
 7367155584212947880
  572449574454653296
 1413820496869480632
10127937638349438532
14514647738022528120
15226600442136924116
 6864886792760061000
 8308123140963872712
 3539624946532768196
15082619395082178692
15739091107604065660
18122387492356083960
 2276610549190524316
 5438548879435134472
 6585371596443974836
15320050523938930340
13334279128546558652
15328844246231648968
 6056797091241559972
11331207013512509364
13130088813438290532
 7992261070825104320
 4109840018587745788
 1647634478934175224
 6295508263715209512
11439631857770444972
 9198956783645898732
12549394606001400344
10437444385925934292
 3081625562046124132
 5537652169659891820
12311549162356663580
15937021949289188048
 6838981231354925740
  228500301890194712
 1287803053167183768
 7287811708731845940
10562009015805938520
15269704547009237336
17278388114185400892
  779558204941857008
13915533064316963676
 8262156577111622984
 2181469873947915780
  966638398756713100
 4120124143738970648
 8161200316005754820
 4512673875807600568
13932311050277131064
 3991956648667451024
 5038981733462701252
 5743860619237560576
 2429256272574083276
  522517628122970444
 4850536737356493840
  266170199079088452
 9571918105079597064
 9409001305133447804
 6107669824109272948
17058473041473532844
 1621060476203814180
 9012275204923988848
14561138564193090644
 8942381646444519540
10670815502966078800
 8305133671900071764
13459932404835577404
 2885558174712903388
 7976101005035952048
17946245947036753548
 7352400485543657976
  230504195162639480
  629070522192223040
14337762487022478964
11534248257454944496
 2481192162322159908
  629784572303889016
 6473925616544846392
 2180922753788878780
 9400823828982011880
 3091155674808789224
18181746159499155208
  100557753224347312
 9671409189145833560
15308861538096773280
 7040322993949105164
12966669134190783836
 2054689774036129596
14597842271512296280
 1971145035496330020
 5841395411967894412
 4183753153312162416
 3313231682166574208
 6132214691515429972
14040134351162500340
 1591443083648277296
15045335373763749424
 1293063966311356752
15651790300469280300
 4950515419702134524
11471313312827592252
10390134915066868340
14786020108258677712
 4837308076771777468
13557414582666498416
 8882005387442561644
 6303728966772485756
 1355205381397864752
17114937338544077784
 3168467251007654752
16427904076806516124
 6940770395662452284
 1250455374823580996
 5215299280472979200
10157583762807433088
15588168591542033128
 7025093262027294980
11446213475242596116
 2110474509894711664
  751077541261616372
 2654598267911346712
11983224347086580800
15691602834294663160
11034430066706328768
 2506976296809003088
15418178589573205524
 8627182406653635188
15678359105343647528
10798737813552699924
15477798078563602580
14512643720220925020
 8062690164083448900
11171835699591540436
18017835584436455396
10265281103751507604
16690564776403855952
16066313557657072360
 6031418016740981788
 8479475313945616348
12131889553542004308
14444226090212787020
 7902870210023752468
17795168267519172608
13998846695935866484
11980043047075182192
 5155194709515187652
10102352717503523544
 8819415687020655072
17302353197934025252
 5608929651963010032
 7808052660707165656
10555300213210294388
11295588842835389760
16927600743602928560
16674244406455760244
 7447557865950504288
 6212426566699396892
17199362441996213348
15407182951829649844
10551207473125912364
 9641452209412102840
 2497003201231684516
   90913030424272256
13557023892022113432
14064454543179036940
10019770966913317792
12919029127901470468
17592742150961872924
 4755227933072403752
 4829188741463397052
 7780548668188604292
17451619477513051080
16677533234646089444
10945994463830580976
 1070475936062023464
  916184604674918484
10551962659822615780
 4819749818291337688
  186593546612097860
 4178536336567734224
  791587596768757540
10030243843215149936
  831329879729579600
 9884129642167768204
10190888751833112992
 4810799029464758808
15682917060339366684
 8138208197577470044
18201357691207041452
 4001578161528350556
10503062205265167244
16488310766799170204
16286107957142962228
 4251109006974371632
 2286969010816398348
10299560293432722884
 3101004230553271216
 4515980708909220556
18406422038229825840
14446453408991980832
 5862504304115845760
 6959674373643575808
16306810096126494296
 3170060531799116504
 5789927079886865956
 5812051498857302356
 7369120762211780916
 8338944641597884128
 2979627233659341604
16511539587483679540
14122594341869361724
 4633787083105205036
 5827079388731156500
 7313044118259827792
14959400247759640836
13145636888233510396
 9098067120274631408
 6208860655259419084
10744526801860560452
11775033822910444960
 6170707965996730684
  648361168770982600
12845474462465971292
 6322435187242978156
 9661771565626015752
 3086180018665723404
15072803406709301540
 6135139452610867872
 9630266881097144168
 9949707028773194052
 8267008873047215880
12477554299449539284
11843027285095697332
 5052763082939146324
  706254584185663088
 2833954492477277164
17722382238737685612
 7217440223729127464
 3138523772857065672
 6095460749941485940
 2419020143769464440
 2681997405489495652
 9479602905089618280
  155395769209042252
 1215037517949598520
 4356944160787861500
11281950264984645816
 3831340524168528772
 7803411703939068072
 1141102520261917184
 5448583033236556580
17278132109230884048
 3400749915345216000
17933408625734239512
13175391034331799208
 7342603618894065620
 2766771921268751720
 4878710877316641208
 8801089149885003436
11726295456185602956
16549970890765175800
12230656437707473608
 3169005780459665844
 7941944287102510616
10952911284245138176
17496596910802495048
11505396156423349316
 8048984807721843944
 2820014797764970140
 7660089594013978932
12009488469138995248
 1573176380831002980
 6607806835845525968
  881891081411988904
 4970701290711600164
15469674368047940548
 6532541059940501552
17087065001340198248
 9581936531018479852
 1597608713257183736
14649692927139461284
14951638720766409260
 1250075926068194908
 8746597828080914308
 1759969692323775128
13434565403462064488
 8991794416803378204
11116379973720093188
18111492619213176168
 5094448693126430592
 3971278493518317436
 9358398018415531920
16147451322030807904
 1536546436494398276
 9398763392439769124
15934018481392997592
17803810441599335224
 9681144957476594144
 3594835838200627028
   70021105238666936
 1486137607201277240
 3407348482702476304
 1272835724428166628
 1429889192702310316
 1698156333142502444
17751159250357178776
13235150835145885108
13965192108850803860
 2371663991068208152
 8305155545475452616
11960426644093750020
 2742164649857674336
12685037173233493552
17193011479158513952
  484764087801338268
15967442984943988620
 1421789329276089216
 7121171238422770992
 2595504672552975036
14103893810930358948
10932335843652594204
11450844925160349088
11307511321293899384
 9799120311380537824
12773100935541835836
 2087902943125392260
13062419818802080524
 7695428636419034800
 8843571590333936728
17985172621298634124
 4966081505578148960
 4464772674499073652
 6317531141309316008
13797456988821203420
  269638271956663736
 6366499493476792760
17072941177031540012
13075118332842038312
16023045304741885916
 2235196071467297152
