Finish
 8277155154731807316
11996859425766690036
18339634614065345860
11846098741224661624
 7155120324774548624
 4323438160964087516
17097776238236966788
 4278819667039317616
14381596177885361712
10251556292894410164
  628468490574963112
 1108536136537417840
10250300497431558424
 2400697376165682448
11144068410809080196
12247610028297897328
 5817795628895044704
 8530856769148972820
 8854705249093098812
 3141352421085521508
 5091158656331028024
17009120170874984072
11191808063102017828
 4530211281148164936
 1415493859423341540
  321400600746475192
12269584621398863108
14012593400077065580
  179715701717930004
 2142170725753115288
16675819129860252236
13100297769060921520
 5629083842702370692
  104562612025572068
10650391875709448708
16438058977087092828
 2779737281005916104
13495001579199755576
 2302798086606720432
12945069705975108156
11961488628762470184
 5828097299689790564
  269379939531958600
16676215287045083680
 7933877339225784312
17407424348776980868
 5669179172813917904
 1627951499391798820
 8834343908165601480
 9257867972465970720
10208474962416263344
 9816335344802170060
16231596404198718840
 2908423962571614572
 9477253205063811764
 6044852507838795996
15499772297380084288
 8372706755206256048
 3977732685195413000
 9549023754001738948
15175721089748671780
14128726799237198384
16923873130500035524
 7633092660297345272
17684137252374250624
17534800515863038976
13698547872003507660
16110489358905139340
 8681534116328593808
   46074150305148164
  850655470250523112
11588115523630231300
16270891819155942268
14287683480427856780
 5792307684714021180
10146942765894748496
 5993917455723688600
12666478896652154688
 3378388303888598404
11877538225040129672
 4215472437858273028
15214841785899052984
 5182828990256092804
13723785205839079440
14316550461773030016
16539252391002566708
 1293443074725970580
 5629411188349008960
12797530777494998184
17773587878965871544
 6704346299923717016
 3755467666198263960
  903268016583152184
 4196818756762564580
  659886579221254264
 3945170386532210756
15786631852265227052
 8766146112078539076
 1471766988212996436
 1472999390608606020
12953065331687991832
 6543744487791927188
  444326815352895928
 9135883443837573208
  474816577168782092
12309539496138474764
 7133883808092690736
 7671631947727548080
  235001132644936904
14325365993723772612
 9588172944323242940
 1950686696927970440
14095475023078600440
14444596372677867788
 4929197961031370548
 9500654175355407888
16749985138239196508
 2408472821026516548
 2833205825450579880
13194270396483733112
10707821973758776744
  131286224776938724
 5716119904457556072
 7499365228403844060
11322051499449722828
16801474832258302716
  272304417635735168
 1894997195001623692
13860020082070863588
 4087484159358448268
13918834964020488472
13906707325085072640
17785587685724580764
17802386225367391336
10629880883611020512
18290266829934446320
  972065258864338760
18345441292989583220
 9746769117038307428
16213061136190220876
15970613917407682792
 5159105867672538620
17215680819655698728
 8329245480098028344
 5772845828548910368
13036387309840297196
13961533740641840980
 6621340975758694392
17369798329312004484
15987668175592310684
 7293934929609922120
 9568715291436506332
10428854885699429884
13393244692466144312
 3141843725613439876
 3770161332487312924
14869905021025139392
12636445440511118808
 1236671402369658812
10994599479530949800
 7760041973409016080
14044762868107365592
18016496116783562240
 6595593340632115164
  660836468620940684
 2712869026297926808
 9494638949760222060
  349710990325305620
14449282983847099900
12162507846174999852
18021032887748932904
 2984610225222675032
15602015356741451668
12034726952729808760
 8450708562609253204
 4308872796491899224
 4978665352531956688
13460201418710118936
18109116753505594404
 9814258143596756596
16276258158591916288
18167330415061793744
10951781197225671396
10009064843111479148
 6432534008372678352
 8295426339461670452
12812469240225069132
 6905286723933360992
 3339837839742671188
10365155690547478820
 8974712672587509724
 6900282064921296376
 4405333875909934532
16556652931728363880
 7833180342362365880
11436945099681324828
 7529849674652426204
 6519462985570372756
 2111932108953001696
17361549739263641044
 5585276466169009172
11311302101930605668
12776865015967736004
  816958332009036300
13849170012921445724
12274374113648845036
12238407159660215572
 9855854757332893340
 9298894432105925580
12011105833186828124
 8307675272408284192
16469605913793100736
15859499206304180856
17111197123652182972
 9495904722623302664
 1137095264237490176
11849927889314889404
14086729052358978720
15409494960923274464
 1359461578140462604
  644874241787171124
15114342078011289800
 6350710879114977916
13618410903139658876
 3729126990307612736
 9189775080195735536
11374317337876970160
10167595662905156296
10318842590334007288
15753791985617420284
15863477778503923992
 6863577973249836520
 4404325019194852992
18020183799920772480
11314555913586659100
10598872624200803392
18424324604079327792
 7605351465429590576
 6047592045842280860
 4439781004779658196
 9508163855711909824
 9928960056174169492
 7931200166349721024
 5286499054880359652
 6959963075543220184
16274895306153295980
15754895047289918764
14624539102292787828
   37264312786650328
 1594588059197084752
 4891000455217267692
 1502695395840051136
 5836074586151415624
 3214741156262851388
 4630723358302059164
 9376300552131817928
 9116564710312419728
  872973718969324464
13939555466597871952
 5219622488183422520
12680432881808762064
15903990302728162136
 9817289757765226248
13191792592713968064
12373560028382824352
 6448777672474518676
 9406317867354697256
11214421446800631996
14607300542603510052
 7413338816188322108
 1227675887468884204
 8146738827739734072
 2458854716187419236
12403282654351876764
14126469085668223440
14367168256624660264
10386647877939724448
16250201110741034836
17001134470447891412
 7508935193679062796
 9317214784440985408
 3258397007841156208
 2832830455130241204
13110956816324815592
15100437806109067164
13358078324124262044
  400737641871451564
 1872141863839937068
14781088773335537152
11357231690631340136
 9005000569498673200
 4233697250267237708
17279258852397574636
15857510803273337388
14364650290402613556
15002915263870703608
 5218116302952754076
 7823786315992554116
13969676611435828092
10682629948217249500
 5594574119143345984
 3469902358684058316
14998163524448039596
11845879418016337860
11316198550628753608
 6495497468320258472
15981982458105857124
12056688180804042380
17040182516912533312
11690363734752285816
 9722372049760938444
 4945351281144362300
 2819796049749355392
 7697742703880197996
17347760272698219488
15680164183920546936
15443782541597312904
15620214941718226680
16553460280105641324
 5716316301939307436
10438308285662910728
15588217816390262164
 5537895619967190616
12790705964760229252
11327764862856191040
14417157467250297072
16894127744731370860
  462839587123087240
15978161793878547088
 4553356207476040416
15538491460850577236
15113570314549996604
 8118708503855822320
18335656117374962192
 2122234473362121924
11890827048227288040
 9044486200746453436
 2813244740081571764
11218276704292002220
11313743050364495740
12390911360902238336
 9111426960973279024
17145040675312985268
10057318404043088584
14656384697585909320
  691103377478209292
  867615729487374348
 1437397671543841824
12902394771396663296
 3219809713421560336
13097700293484268124
  791004145159761860
 1503891693063208272
 2324465357073393744
 3906085450791099292
14421056595316031844
10093416737681703832
 8344346237808453928
  749698557943238936
 5131937908995084692
14300240277846049580
 8233800262427725772
 1706707886134757152
 8595885069995052660
 8325922740670291700
 9571266670996508840
 1334190425614548188
 3653301500856034544
 5223630046980606744
 8189111950612231784
15987464906774387416
 6194051798815061232
14887374111500191096
11909276082459832288
 4611055533299174832
 1925420457517373288
18067687801152237960
 4704793149022005116
15739070805981872384
 2680090028471387148
16338023414318726256
 8010958357229275336
12990926438925560360
 1992046339532319556
15857506902786854512
15302282531256028212
15670286689602640120
 9172692931521497800
 9628273823346425400
 7414956270658247196
 9057748455630421788
 6188872898479154172
 7996230250603345352
12512331780462574232
 4519457226648448556
12364961598791036832
13049512259415273676
 3906005432303723732
10493678230263616184
 4624474716290086664
 3631200186782167152
17774849469826976496
13208917941814769132
 7465948367867508444
 2320521990162283488
 9605001488021088148
10645406394868606704
 6310520797753874128
 9442290965505716452
 6615920961988744736
13835060770816885608
13334480875439839740
14247696551596028708
17275321616643257376
10695742245910552488
 8837331931038285596
 5864328787329272164
12924552026862055204
14714968990952985540
 4777781738246847384
 6870484075617722696
14621482707275522664
 1683186342830939968
  441356979604401408
11809374877168611308
 3457072853467645280
18261682900188213324
 5181078554077690404
 8099478612198419456
 5826517669081169520
17656245879125933560
12226638892069935256
10574181562810691096
 2218259851697421252
15562188903079309388
 2490113775468935680
 4527935297016089568
 9888623187562529160
 5844405072717406204
 9061052454365503088
 2738363511815487844
 6883577386905966680
15322086477844259100
 6971503874375770072
16079159753773436984
14103992522621707428
 2004226461744564588
 3390647794691202816
 5174675994540331552
 1278766112603662164
13289121897670559744
 6319205185946905584
14039310976684549496
 1306536630011159468
16784220534864699128
  348176399811737000
17384611084769082112
  198716845889645524
  823793979195685372
 3578182025176117332
 8621509874112794988
13957995461566939028
14046299413280187832
17562886635331913748
 4015078017740299688
15981190486849413768
11194357353890804532
 6391544988264368368
 2455070981560174724
 6100268140769692108
10654912134262141320
 9398017093857933428
18389957620908873520
 2926963213404681844
13064414229182003148
18090886926781236528
10455920401874780084
 5534574727804140328
16363222009628323216
15259942972792565424
 3141130340197103996
18446190690637031072
 9957007623691711804
18273086808298624608
15865784262667513920
 3844090556739233936
 5896380173237475672
 5228273161492160536
12968828200033086932
 2286173358833418024
10045307592410464400
14987333726386125148
 8541737499223679828
   66665648538581280
 5980047267908211940
16323272821959225540
 1889872655046995864
13429036649547027540
16265188016209499028
16540414270124552628
 8412138067826377956
 1493516539863938016
 1292059729749118560
12854391338179585228
17108400888942532612
 9929900140906740116
18381194125362319968
11844051898409632312
12739230229354488132
 1768416437742811344
11009561916184908744
 5049128809297545992
 9222263375635788640
  836722893306604740
 9685282214960922792
 1155695172365065432
 8957643882606846812
 3095159192442910132
16605063627283951808
 9904259581409830400
 5222115539143827704
  403698343829176492
 2115788586232789776
 9306433665521640252
14930780525993315244
 3098569434797827740
 3589320020838758560
17789218379194509900
15807880412673706908
 7114922331134620284
 4838874553301457364
 2369328092011326520
 1408627846109029280
12119908759704803240
 8601491452044303940
 3334534298002881660
 3753239994227611124
 3894457478933636820
 9077164418849405908
 7189027113854618568
 6173940187354415304
 2521044574078044032
10807327975275807952
14484961594569545048
17997741041427924900
 1324288871288722168
 8261551099673274640
16684710759510918324
 4056699827993437032
  798244072362139316
 9354856050115491188
13166772935566863432
17118801563930299552
 9918503546462749900
 8143825477679548548
 9149477723574187636
 2728263273384112268
16524065935047247180
  605853614147950116
 7820524135002966812
15535686777304274112
15730351011186149944
12379208120312113004
 5983071558742241312
  875863003694666276
18360017785803004244
13087948608257842880
  449551591585553580
 9790510148306971016
14031402606564070792
14906777839721604668
10168624040592679220
 8216337151393521772
14036715309898575172
17328788510564460156
 8589272127510114484
17209267558062354896
12848564055127309560
 7100141790022488308
 3978345353491214784
 9568173668066813496
18014029443707834116
15263278553257557104
 8291141642514861624
14667381137489574780
13607461820117248036
17288129052219587976
16339706209495284940
12595549765624132716
 9181175188540310208
14679099405336693328
 3209352423858501452
10845858100764813452
16900648814897437736
 1919291661119427280
 2087103173199467132
13756424478063545148
 9616000523020453204
 9123664521245254964
 1933308061483185116
16628935711279727896
10511613017545423056
18161471321633118024
 9337582550364621188
 2645035696191367448
 7124233845024754508
 4816208530590448528
13656463052013983840
 5474774999099890464
10183508895324567284
15086430982458862460
 4932852774791977812
16271213941459298944
 2631008306452733276
11232410255384124452
16506118173675077912
16822115923108030304
10901300582391769820
14909551421968648948
 3144633031181877068
 7113869987500549728
11630889832235627008
 3248796146813241032
 9926924917943001528
  762382441304871684
17095749604325294896
10319969803928913200
 1630378750068303984
16129937561613049400
10726210594825241304
11927008713933678432
17059215478420982300
 7760859201360302928
 8722221096327642132
 7766719801692967336
 3796142138426019836
12082090190307987232
17177893518468772444
12408091132418723332
17005149229063575680
17564620356313910920
14936134760971396764
12553045500625063936
14221836090638509452
13273603481494358756
16391117487957081300
 8945997678465558516
 7292172980551349724
16484833237976718360
 4183965633965757380
 8433649354902852800
 7506360541369253264
 5879566952618566180
18023421486929922064
  141260978088946816
12156386350906768180
 1335356401301414340
14021421542714091996
16078144312637718292
14157489361093886544
 7721509251209797880
 3706869509415347276
18387683667501100332
 6608868458148504684
16418263380087874660
12171193162992328232
17392023292014534620
 7670131920110774584
 7516213343807234492
 2916231970274517248
15243804125950922932
14667114448450154720
 9026934814901389448
 5288975618192133360
 9620389585190751312
13147643936853036100
15355064591780866124
 1840724312555698556
18051364017601140544
18167182524673857808
 1374683788185708152
  127339081751795620
14786004043239611384
 5060359496730170408
 4552698410831416344
16854990358123598220
 3852276736223471816
 2082715472095773604
17179362006581158744
11125027783550060576
12519980518168988060
 3278326732432608356
17005368208257491432
 7522834076157801772
 7963436012563622500
 9796294779750325332
14327205426723208084
 7902955513721327380
14940895448252129204
 4850823726678151528
 5190399403507153244
 4312430370846341364
 2798041800210622348
11076648345496957076
 4222951653356757228
 7805345703495231744
 4664231228293636408
17493701873901344812
15235851861490123148
 8820027222228963760
 6367332354139034556
16295671391635622248
  191907544603413872
11626646777990323712
 6717581039101424896
 9800049881259317028
15322483236026725168
12733511912362484740
 1626496233886643436
13144507774756696572
 7222076698946149468
 7324563895595701824
13268765373719458560
 7599101089448708472
 1535935210208435344
 3286489554520445632
13745967542087916736
 1853240024479238640
 3407068621830954724
 3095556045183412800
13451902798253295528
  747865491822053120
14357232093279313880
 7975685583052617728
 9272895720615833900
14582144637625523744
 2960424527084324148
  593583445865507948
 6014337493897983404
 1963444161513342840
 4276255019743075420
 1889053202978150380
 9841712268844314304
 5527283762104193984
16938232675063433480
14144265565754928400
 6774427563441832404
16827506974122302044
 6405010186866306524
 5082573969116736292
 2419012309103229040
10589863893492557028
 5535946338281091304
12803357153624074236
14386076111328515968
10612891096215898212
 1968100630461374268
 5491572555213595344
12880143691143174444
14171248986862365168
 8067556222041443512
 6843789893177415572
16931833561656139888
11677213114408148304
 6035633176592408696
 4076138991922743784
11989075380908808328
12337661118423364768
 3129840595800747376
17018167426613934980
 3084172031670177360
 4033287144643533988
10024697134146095616
18223888986209672872
 2637217239278882396
15414765909803749660
 3169735418143914528
10939666542118652020
14337409345844537280
  446052768149755276
14336005832864118948
17430440040874738480
16549436357132799292
  191360626162173668
