Finish
16546109340799740612
 5343050906025271704
10481053350187902908
  227921290661912244
16088990490125998564
 2907848345170498476
 7788139874339366564
 5898271245284699108
16974834285681111740
12967631667786881500
 4498207788046066572
13655786574044569720
12167182914213959320
17153461263194384916
18439144454778954892
 5744907358966023560
 8283508824762062904
 1518702316180986480
  393739156172370900
13800912333067569328
 4176876486143342888
17712542324334667800
 7433756470817891196
 5388826381796624796
13796095078199927308
 1513280097352576940
 1483743683529842264
 1287808759543740332
 2651715550104723312
16939601832659228548
15875102781225569704
 3317426334869396636
 7168987143888237808
 2274055418142945572
12307739883066096236
12801920135888175688
13673022809833811320
 8696115026955972864
 6938197696480253996
  369712910676814524
 3430033971470181744
 3102965679022600564
16740972936942265644
15206556159548261484
 2162580106837762548
 7635881143678399796
 4581748841519686360
14838404659466868808
 1519013894008499552
  435779893799231556
 6840948250080753892
 5271069798028658000
 6950547743892201924
 4009809898158096344
 6238793206733278316
14203459458425145216
18024686910144210388
 4839997492617219224
15909062950338296120
 8352364035668522156
11056690790141757724
 8795707039195761468
 2679381380256694932
 8053394714531640076
 9972004015429239456
 1379469404446316500
15220256948168575660
16191289609705584308
 3777132973496495820
17514865038719272552
11124190108072763432
10413267027482207832
12395570364402624472
 4307529940682123028
11608649404879603996
 7977884929697600748
 3563441244617936188
15952406185250425720
 5407128319879513692
  997128541257402176
15719489830298985268
 4260593631833482352
17482776895275959668
17469314591875585960
11863439780117991044
 3320746004912081532
14674592129815567200
 8571687794812204468
 3284602293145945528
 4066801785064843880
  836398848505775360
  169037713327966164
17113818048709018436
17671416748080329720
11775121874042985964
 4087971920618183444
 4399906423407392292
 7062442809863481072
13652431751942806780
14171332016106030924
18129926936770128864
13285469814625825844
 5762168383799409928
 8954936197829849980
13285835264695345324
15575740149008980428
  228880026805985536
 9602846509336960524
 5985392996459397636
12529426885565062684
 8250452895386081188
14140594381600648012
 4019048397335199580
12446115632557817988
 1696115186101240288
13665659434299409144
 4384499379891899808
13128079042875665496
 7374278953701018612
16742758880113669856
11309372148940954740
 7152587610275884608
15459695114572378924
 7329200195302681648
14402411421589687672
 5287218667743785732
16738028646574085644
 9477287983733341608
14312337938514637476
18203527547804970016
15531933392328265572
17594432526377139616
15061727991222303204
16570820967427453680
11813934399440147112
 3241950368329110548
13205379628802564724
 1779153280305173668
 9261698094793277820
18352163929547653052
 9013840011921006868
 5865940692569930636
 6856836828169558252
 7340993867220872028
 1905970770270428696
 7009703182130850168
 5468896047606763492
 7029153589860629028
17906877679403778692
13761460584094656844
 5162931228174765160
14250557172378030752
14508347868466219856
18013778000712896384
10069697357414487660
17344213989801496960
13054278328530824796
 9612279192541971280
15263929619715511236
 7620620541781138820
16668518045706894068
14455814590419569284
15209635635426512760
 7526143872991913692
 2381316236830395876
 6247175731592706096
 7256845477144456252
 4132200068897159116
14983990763173225576
15005408005756606852
16668886442633388616
 4688104324454417628
17864882816397828748
 2853829138737292608
 8005171015734878660
 9227176675740349852
14054161456454375276
17994349876232334560
  531363704336456112
13016796363638699288
11654932315943604384
 3600782256000022156
13139370906394085572
 1400680270737767368
16304135791743023556
 5155343309522424496
 4668080250152974492
10428101221636187724
17855392590409217784
 1601779149361611256
  638947288128222420
 3116809229368866004
18117172716931557040
   45962752180738712
11152007493350893136
 8059975549336031996
 8873684928090321652
12821906261027079908
 8471549353509298012
17088159819396188220
 3095371659262611312
 5032497330621226224
16970589367027821256
 9356885476931153592
14523958747270580928
13059723663374489004
 5811144752067521640
15900885030573682564
 1720651575410922172
 1460621316424136600
 5255273884867976272
13315233356716385472
 8590831115144733732
 5146772241791961312
 5082793620744812852
11613764129694945540
 5963114653527516732
  258005815687524820
11690159674524286360
16517973887490186188
 4186213936033455148
 1399812220118651992
  487834998616607248
17304689267401960564
  780960101065967092
14960595927971570528
15607905108376510336
 6115476926344138460
 9852707468455328664
 9766104866080493688
 2149451089943837104
 2214999992725702556
 1385329842205812912
 1292001843943882036
  558692854435209332
15016290511738003600
 7670223112692994104
 3139522323251002944
 7054814988285034280
 5955557740372808516
12234884981351066240
 8597503112186017412
14166058089110721256
 1595733319552988104
14483976503415501296
15107409215692765288
12556344010216701540
 4852499949861215688
 4793834099546462324
 5875624120772306852
11706790968269901784
16085800266505652824
 9196146262064962224
11789812759791296524
 8396279360394179456
11112907957539784096
 7803904465979367480
11619558446561659852
16626705005760151368
 1960404832247987108
16635571488928062516
16846051967957089076
12497749522858027840
16940093513619841300
  985130751367316712
10192690006006200612
 7697556494094973888
 3069311862455355412
13274121640211038124
 9257524129748143964
12299312214469311056
15413994662022659968
 6366883394840753900
17137620318556925152
 8735823623314619276
 4735321907408553896
 1105064343253809060
14808477096294209092
13079997988500973040
15093057412854226476
18413900549159238868
10051092840252829444
  272635714688992544
 2924230164197077952
12882873242250450216
 8779042687584469028
13696377793810502836
  306097996439957228
 3505412165655644972
 4086546411193696672
 6970587624845019796
14642652640023417712
11448299159477454836
 1422960573935021996
   93777842089512400
 3694517930240750272
16819985178640408244
 3932244918498081916
 5646203462147745324
11856890609027919676
 7989137559763784188
10536579645842576636
12556968993282941772
15336319249114716324
11634119159470464768
 5287005910165281944
 2485418029732203168
 8519265053926012412
16418564536513952004
 1237781246079200996
 8526978562632917404
 5297049214329505984
 5666682618936720648
 3240780279046738656
14382148287691009268
 3322797895877908640
10091584421826272124
 5544672566140483288
 4043292822915760708
16614825269258180460
  517988349719854920
 7421765124725338636
16272294512109950084
13736876283256408328
 2351557629224803900
 4575705372061309348
 4981265141237474964
 6655022772153866348
11087023293438549952
 3422152149153478660
13275458134847348800
 3583645028055418676
17424218973251264040
17405753925399780280
 3778703649877343984
  880501060036336704
17773416034382801884
12296407606184328656
 8723969134828618944
11621255385683097764
 5212447637548095556
12899812334831271616
 1438879633515292356
11204580335364183464
18253737388994486028
 5313423335638125420
 5544292710665008432
 9532825361051529812
 3260934797845656076
13267185212585621084
 5637947664369091548
12850368781871037116
 2726658999337135692
 2803127076259432432
 5600233525263497000
 1153056470975240560
 3368731125033056568
 2290851867308456880
 3136906893943768788
 6322874323556188544
  692892101934808088
 5702512974397483232
14228339713093802760
17257476121980079104
13231131307412116932
 1987833197196652664
 6588613279928079852
 8354955485469674784
11439818088528875236
 4859991105535021420
 6781851365439475892
 1004915242360088292
 2797580041231057120
 3119254636910425940
 9543333988337307396
 7434583053804562416
10277732931347080876
 8925216720461255792
 9145323910582398248
12593005738939594036
  495969276057050376
15503941855978991616
 6216921331606048660
 7163553664373293452
17529573276444718288
 4304351258082100156
 6677914466154900544
  529404525719238768
10159435487235272668
11615220524806059408
17377750372520524812
16315356237149812444
 3765831580382305488
12621584308904095584
  195875015369900640
 1053256512054887300
17846346647145958624
 6235730328376118944
15487843252575805392
14002619132326780804
17543535431403274240
 7344388778757283484
  450424093681946596
14046316490053994236
16789443481548053296
 8223236462664916232
 3310834278966858956
  898025914306037648
 7639510678672222720
16287285604062902512
 1915789875931964164
 4354812282114915352
 6969152895277430420
15347964211460983108
 1548246543714075400
13002989902905660208
 3048566761582351932
 1865849927391003388
15612406041123671236
11743379598658863360
11222219148593098860
10463113021206269004
 1488878142565009260
 4928883495234979824
12976520976655641876
  129457667969601416
 7315964661103140072
14167074031941656620
14850519693164138652
15507062989406565400
12680780810343255532
13676024308879556696
 8510524198417332720
 5950261145919117948
 6676903483546216040
 8104456385705457132
12689356653111883236
11326700500653311048
 8558411932825128020
14421726374228305136
 9791889393496331644
 3347925581993221288
 5674021012140099772
 2314444972094558696
 9734739904149062512
 4915201125542497484
17856338108834467660
 6737289843658235716
 9339971743482196568
13947834329533261952
12022508968799052872
 1988917955016967128
 7947058043557770316
13776082765071019224
17401614646448918148
17774211092544346960
 3338743538130993820
 5239832033545488948
 5761577617248289464
11741868498762813008
 4712769254433763664
 1370848784664709940
10457241751670923756
12215064451890147232
 9115010795697990844
10457814657685242168
11362226738406492872
13702833564379358472
 3840437282155034788
 5339363717000752864
16990788723093309028
 3151377512143466916
10494230838726612388
  154662348641442288
10919982014187440288
12667406309284978668
 5481101547414407964
 1304406503550785412
 2312022365971423112
 4474604154084169960
 4146681368534741944
10562562398878459064
 5312696923317525532
17452045379596327900
 3360518015983894704
10071442507577729740
 2365776403874147312
15399940786165306860
 6444554272433177784
 1833950784905552624
16562636797304842036
 7972084223131027036
 5390573551053451236
 3925291000128869744
17505678539264040928
 7867331870987886652
  539383617527087412
 5540225052285494520
 7032092794856546428
 2172500002664087440
 1159780037253219108
 7915484765269509788
 4815610094360154388
 4204081703293947616
 2959403660970833184
17529119137726800348
14626688512540322292
15545073821744438844
16378329347321142284
 6536717234157260420
 2450370488650668660
16283173439124909012
17200581703109715024
17109523053730148808
16113862344292286800
17521553096507125664
10118170713294927844
11242603294579568832
13375928703880544304
11023676654621881124
13854413106869612928
 6070227272715669900
   65134167556089004
   94390163460371628
 6607119222525025596
15083176724701327468
14957981806095140368
10328934883660875276
17947725199132617988
18372144736524036496
 8127794580889326472
18132105755734354692
13189214425403267000
 8297980349501078396
15686648033633142088
  849218855309280756
18006735761648514700
 2237757212581793152
 4962969932313094432
12849160043503210344
 8871395186409334120
17218763465942864336
 4844462325193472348
 8912297898842141092
11920316345109218968
 9065846043778146172
 6524469008585403072
 6599341390970410760
 9500714754673061384
 8083761315080422328
15395616990366546184
 6635176519540552936
18442879848323329848
11696707778254456468
 8284078599126967576
16238036745797816264
16968936175149020344
 7137977419135283636
 9551730148659482972
 7767644456539066316
 9936150558432572484
14162606537765997788
 8178010463292150276
13214750056228926676
 1778735264216680436
12069950634993128172
 2603654226036820280
10584878475120775188
11163210222211583688
 1386775983009134732
12167148640641582136
 5509735064750968308
 2582400662159178152
 1441082768665027408
15630599283366016480
17920162110282886032
12409312215238737156
 5169271529309145836
 3165139313729019296
12712219422912641168
 6498139889590258864
 6464132646742699288
11662940834397610860
 3840747911027142684
18223589026432763856
12742152463616056048
  507039215299584632
16105884560150133160
17831237355160601092
14420763594684429060
13869997385876381832
 5610063263162153620
 6456495097169211800
 7155024910775123912
 5888760999587738376
 8468197040010827256
15985908438481396228
 7311600220582475356
 7550579885210505280
 5514249804467319172
 8030234929129220612
 6687749424450790292
15692455703906083436
 1213624922761291176
 6996416513220735392
13819513429916481624
13721448573543375344
18347304913717681208
 8589679544079146476
18283006145298302124
16279342219152159624
12659889376169895112
 6930758065322656424
 2198180435010663776
14994882486514031456
  945501303837973168
18302161385247610756
   44693881438811156
 4607668587802926132
16218295647202593032
 3438092672322066052
11635604059765262296
15384541473508408444
12698355492334284312
   29205155463885856
11381238312599406656
 8958104149510218016
 8253750892099464220
12507695263929615208
12531332508349069120
 3755908346405688252
 9525736792866039360
10440498489846738524
13726101138910260040
 2736342403572199908
12692168628373150368
 4204017766834974996
 5519959562215150804
 8325621952107226632
11741155138078698820
 3983127947948911912
 8026590021647375408
 5853376537604761904
  224617318353471380
11035644896331038620
 9015300959396046124
 7360812417660935780
14324631624957318396
 7751837915619699212
 1628085864891544976
17382215481018479732
  832584100228630864
15546804354750327040
16934862174263309092
13981333363780414908
10924144805907988472
 4491722987429742160
11738366649255287412
17328000008831474160
17434891600849175468
 1376557869064833528
 2501991145844071808
10803587208069011736
 5166165364761940276
 8199188659618407640
 6923912079488205984
13900195244160988288
17099047340841755188
 2145558221818781260
  169948048391206156
18275743354467930224
 9914769077870264768
  603332066195754720
 4660731410581060692
17093363361566016184
17776654436306054800
14934706767024382824
 3212038770383447768
 1101634640294074160
 3113516041512970972
16347698450551977460
 7090101141977331844
 6799263803327005904
 1035101253211315532
16313065806647599712
 4273751121075449048
 5627326168866146464
16519424370822820264
 2482419585077991392
11678660450947352540
17208713820525209372
  553013791735920416
 9244787569391128256
12065012517813667028
15931891094382485696
 7481837329480558716
 7520288562331559532
10030453112012912132
16681239659789221620
 2491779892215914092
16023116591471150092
  566280506470299844
 6003047349674381088
  649647110688645880
12327019237408418572
 4425310734212241864
16951518625875581052
 8894986486910717420
14163803496464566644
 8676569688573531288
 5138063802284314760
10200057489795773312
 2628107253161556268
14480186889733206836
 5291907430037570352
10219870573281237568
 9732067673528352416
 6595123242759055780
 3344205056824956728
 2325166593291243976
17757208434703903700
 9762501105744496424
14759915231008572908
12445251697518026880
13113757716931025940
11665149166245963628
 5950852457689829788
 6893357803601675668
16799645144202372020
10339009358278651688
13986635692259634292
10368514481898040068
 3754260525933862288
15565507183783364480
13145126846612035152
13222997454499559792
13187026794946483756
  942962990628890328
 3384425898541785720
13970574319879654752
13527555421856259804
 7792091754498443764
12199867643065864340
12989481416844024568
 2994649005847395376
 7709826990657099520
12945152234695885840
 3049126292289559888
13739890219985747536
12668585281240442484
10816138526042656068
 3375328215358246832
15282461726496668464
13948542465560929996
16021094606474785668
10576017627351327740
10716936542772119284
11701438923944918608
 6051364470367715440
 1796193998081623452
11800977180944197320
  277381345245355420
 4110415184606386764
 2426680696522210644
 4896702667060185508
 7374705933237605304
17765180014094642672
15908203266666724672
 9643260339741088460
 3516479590221008896
 9978247787131903164
 3662141491775500812
17265618529897392728
18208027708798512868
 2328864266299266564
 7496750838404875608
 3147795723165401480
 2857790446702551400
 4378972999821678072
 5920446725327037484
 2736935344167421064
14091422365676851448
17920353021318638240
 2043835445305123484
